1000
1 710
2 230
2 391
2 501
2 622
2 888
3 461
3 466
5 235
5 900
6 573
7 402
7 844
8 498
8 968
9 2
9 113
9 128
9 312
9 884
10 599
10 625
11 479
11 842
11 946
12 845
13 609
14 997
16 336
17 80
17 510
18 192
18 785
19 82
19 233
19 735
19 769
20 966
21 627
22 117
22 199
22 553
22 648
23 298
23 451
24 338
24 524
24 532
25 979
29 808
30 628
30 695
31 978
32 796
32 822
33 235
33 386
34 864
35 417
35 639
35 995
36 546
37 35
37 145
38 541
38 963
39 91
39 183
39 866
40 164
40 375
40 507
42 409
42 480
42 768
43 378
43 804
44 39
46 57
46 949
47 622
47 658
47 801
48 383
48 621
49 165
49 714
51 201
51 804
52 200
52 361
52 721
53 165
53 326
53 497
54 506
54 556
56 178
56 274
56 713
58 261
59 69
59 509
60 386
60 991
61 95
61 310
62 200
63 634
63 759
64 596
65 152
65 613
66 973
67 186
67 410
68 504
70 760
71 256
71 417
71 692
73 204
73 313
73 767
73 939
74 477
75 138
75 171
75 216
75 506
75 608
77 392
77 474
77 627
78 327
78 369
78 669
79 253
79 483
80 319
82 368
82 417
84 53
85 895
86 31
88 151
88 566
89 107
89 111
89 212
91 945
92 44
92 832
93 337
93 616
93 902
95 39
95 749
96 360
97 51
97 86
97 353
97 792
98 175
98 273
98 909
100 109
101 31
101 537
101 624
102 750
103 549
104 228
104 232
105 365
107 300
107 631
108 161
109 576
110 670
110 840
110 937
111 201
111 725
112 951
113 838
115 719
116 478
118 143
118 305
120 16
121 905
122 185
122 246
122 551
123 715
124 238
124 782
125 71
125 606
126 194
130 149
130 249
131 526
132 197
132 562
132 815
135 797
136 68
136 181
136 229
136 631
137 681
137 785
139 308
140 283
140 477
141 176
141 337
141 537
141 881
143 92
143 452
143 710
144 209
146 149
146 823
148 93
148 995
149 441
150 727
150 875
150 887
152 106
152 164
152 990
153 976
155 970
159 60
159 946
160 578
161 306
161 356
161 682
163 597
164 345
164 639
165 242
165 345
165 834
166 351
167 135
167 301
167 839
168 381
168 543
168 936
169 340
169 474
169 614
169 852
169 907
170 830
171 890
171 987
171 995
172 805
173 67
174 361
175 453
176 677
177 21
179 904
180 581
180 938
181 13
181 293
181 301
182 795
183 77
183 735
184 330
184 388
185 331
186 138
189 745
191 634
192 610
196 229
196 753
198 467
198 503
198 532
198 637
198 757
199 438
199 926
200 551
200 673
201 807
202 145
203 596
203 723
203 762
204 619
205 398
205 776
208 445
210 162
210 236
210 255
211 682
213 717
213 856
215 18
217 992
218 258
218 387
218 551
218 764
218 774
218 852
218 929
219 134
219 468
219 621
219 623
221 64
221 252
222 476
222 926
224 329
224 422
225 166
226 142
226 147
227 272
229 251
229 670
229 976
231 678
231 686
232 289
232 290
232 590
233 104
233 858
235 282
236 63
236 504
237 562
237 835
237 882
238 983
239 140
239 365
240 524
240 605
240 659
243 58
243 505
243 965
244 322
246 299
246 658
246 676
247 172
247 533
247 976
248 279
249 220
249 248
249 346
249 980
250 830
252 699
252 989
253 130
253 453
254 603
254 635
254 657
255 1
255 603
255 717
256 341
257 576
258 631
258 896
259 17
259 72
259 666
260 524
260 699
261 989
262 878
264 840
266 680
267 161
267 910
267 940
268 151
268 457
268 989
270 153
271 253
272 506
272 699
273 518
273 569
273 798
273 956
274 303
274 807
275 569
275 794
275 931
276 245
276 432
276 999
277 338
278 47
279 118
279 852
281 131
281 546
282 192
282 903
283 32
283 234
283 320
283 464
283 971
284 391
284 411
284 805
285 448
287 679
290 19
290 627
293 25
293 538
293 897
294 366
294 564
295 165
295 586
296 105
297 55
297 158
297 251
298 746
298 900
299 133
299 414
300 843
301 137
301 580
301 916
302 246
302 364
302 694
303 367
304 261
304 525
304 891
305 301
305 897
306 734
306 805
308 626
309 208
311 32
311 589
313 706
313 857
314 292
314 410
315 48
315 276
316 10
316 131
316 238
317 616
317 878
319 44
319 97
319 174
319 836
320 178
320 281
320 632
321 367
321 558
321 852
324 314
324 496
326 743
328 202
328 594
329 361
330 48
330 304
331 810
333 216
334 195
334 783
335 45
335 303
335 313
335 844
335 888
337 115
337 196
337 255
338 118
338 326
338 427
338 508
338 651
338 887
339 21
339 432
339 586
340 58
340 781
341 217
341 796
342 105
342 428
342 550
343 438
345 147
345 819
346 961
347 98
347 598
348 90
348 940
349 441
350 423
351 465
351 596
351 669
353 878
355 137
356 359
356 584
356 625
357 939
358 438
358 665
358 885
359 398
359 436
359 693
359 911
360 497
361 976
363 156
365 117
366 273
366 546
366 929
367 758
367 992
368 176
369 136
369 564
370 668
371 349
371 568
371 711
371 932
372 529
372 628
373 397
374 680
374 708
374 845
375 814
377 404
377 654
378 241
378 561
379 507
380 692
381 282
381 918
382 433
382 507
383 532
384 460
385 602
385 830
386 75
386 790
388 431
388 784
389 291
389 527
389 899
393 294
394 214
395 385
396 336
396 694
397 202
397 544
398 72
398 92
398 138
398 438
399 132
399 215
399 275
399 324
399 805
399 951
400 47
400 304
402 148
402 575
402 975
403 261
403 760
403 817
405 336
405 401
405 722
405 914
407 402
408 307
408 504
408 706
409 818
411 441
412 994
413 49
413 132
413 136
413 717
413 842
414 705
415 507
416 64
416 346
417 653
417 802
417 998
419 272
419 503
421 334
422 171
422 184
423 266
423 382
424 90
424 172
424 858
425 240
425 514
425 557
426 313
426 354
426 596
428 727
429 393
430 885
430 991
432 296
432 534
432 638
434 492
434 635
434 954
435 523
436 261
436 628
436 947
437 274
437 544
438 969
439 153
440 467
440 770
440 883
441 15
441 922
441 991
442 67
442 554
443 187
443 712
444 270
444 475
446 812
447 154
447 532
447 552
447 857
448 7
448 451
448 535
448 656
448 857
448 859
449 952
451 35
451 614
452 681
452 847
454 683
455 949
456 480
456 925
457 97
457 522
457 779
458 127
459 590
460 310
460 948
461 44
461 430
461 854
462 908
463 372
464 311
464 381
464 909
465 61
466 546
467 311
467 438
469 56
471 681
471 976
472 772
473 156
473 158
474 17
474 114
474 130
474 348
475 321
476 574
476 887
477 45
478 57
478 417
479 692
479 958
480 574
480 689
481 586
481 647
481 926
483 139
483 278
483 474
483 723
484 206
486 138
486 790
487 441
489 574
490 920
491 289
491 466
492 21
492 406
492 702
492 822
493 100
493 672
493 981
494 692
495 202
496 825
497 343
497 910
499 492
499 819
499 980
500 228
500 452
502 781
502 976
504 256
504 430
505 188
505 849
506 126
506 238
506 785
507 457
507 612
508 832
510 283
510 550
510 593
511 173
511 581
513 137
513 185
514 63
514 450
514 528
514 720
516 100
517 63
517 393
517 661
517 848
517 982
518 741
519 645
521 68
522 308
522 377
522 656
523 63
523 111
524 45
524 643
524 730
527 10
527 512
529 23
530 23
530 645
530 780
531 396
531 467
531 471
532 193
532 672
532 871
533 538
533 705
533 973
534 24
534 692
535 86
535 864
536 11
536 227
537 657
538 7
538 692
539 553
540 683
540 696
540 787
540 979
541 137
541 978
542 706
542 952
544 295
544 766
546 149
547 279
548 174
550 108
550 407
551 950
553 175
553 325
553 465
553 981
554 444
554 960
555 825
556 512
558 63
559 903
560 987
561 252
563 639
565 134
565 945
566 264
566 452
567 313
567 631
568 651
568 938
569 179
569 859
570 113
571 305
571 368
571 593
572 123
572 216
572 427
572 553
573 857
573 955
575 200
576 748
579 529
582 33
582 277
583 824
584 114
585 77
585 424
586 896
587 281
587 440
587 844
588 541
589 129
589 163
589 298
590 108
591 321
591 651
591 776
592 381
595 227
597 375
597 550
597 561
597 964
599 310
599 697
600 672
600 750
600 937
601 6
601 42
602 369
602 817
604 228
604 248
604 441
605 159
605 855
606 561
606 818
607 325
607 724
609 306
609 712
610 244
610 843
611 463
611 661
611 891
612 53
612 795
615 612
616 586
616 622
616 993
617 27
617 539
618 103
620 348
622 207
623 161
623 608
624 900
625 59
626 419
626 569
628 816
629 810
630 567
631 513
632 500
632 577
633 673
636 91
636 235
637 445
637 587
637 898
638 104
638 866
639 154
641 103
641 195
641 692
642 759
643 53
644 58
644 436
644 611
645 153
647 469
647 575
647 642
647 740
649 323
649 458
649 481
649 598
649 711
650 301
650 774
651 447
651 500
651 705
652 403
654 714
655 522
655 549
655 985
657 63
657 927
660 581
660 930
661 77
661 625
661 628
661 740
662 652
662 669
663 889
664 106
664 884
665 41
665 303
665 650
667 153
667 882
668 178
669 194
669 297
670 295
670 686
670 694
670 915
670 991
671 371
671 918
672 380
672 983
674 746
674 953
675 655
675 813
676 535
676 683
677 396
677 732
678 177
678 681
680 923
681 321
681 587
682 448
682 598
683 133
683 515
684 538
684 613
685 33
685 102
685 790
686 293
686 636
687 950
688 507
688 634
689 162
689 240
689 335
690 437
691 208
692 116
693 398
693 474
693 560
694 58
694 234
694 252
696 211
697 2
697 651
698 408
698 902
699 66
699 68
700 903
701 315
701 532
701 707
703 301
703 479
704 60
704 84
704 603
705 588
705 698
705 914
706 403
707 823
708 669
709 105
709 599
709 782
710 23
710 159
710 673
711 287
711 338
711 862
712 67
712 879
713 992
715 150
715 458
715 823
716 53
716 340
717 399
717 805
717 915
718 55
718 126
718 677
718 695
719 346
720 526
720 534
720 833
721 72
723 959
724 721
724 929
725 638
725 985
726 612
726 693
729 75
729 856
730 251
731 65
732 171
732 752
733 398
733 878
734 316
735 218
735 852
736 560
736 609
737 96
737 117
738 298
739 55
739 776
740 185
740 192
742 207
742 301
742 908
742 972
743 92
743 619
744 357
744 978
745 32
747 495
747 530
748 345
748 650
748 674
749 35
749 377
751 307
751 402
753 104
753 108
753 518
753 540
753 608
753 955
754 503
754 668
755 617
756 424
757 195
757 212
757 653
760 982
761 718
761 865
763 166
764 31
764 81
764 99
764 871
765 455
765 616
765 844
766 275
767 7
767 180
767 326
767 726
767 834
768 229
768 406
768 407
768 623
768 787
771 155
771 406
771 473
772 154
774 600
774 850
775 397
775 704
776 924
777 473
777 593
777 601
777 680
778 171
778 394
778 623
778 795
779 444
780 55
780 66
780 602
783 623
783 862
783 966
784 72
784 907
785 791
786 231
786 618
787 234
787 437
787 816
787 865
787 958
788 404
790 161
790 782
791 368
794 63
794 708
795 756
796 200
798 150
798 818
799 623
799 702
799 988
801 3
805 934
806 986
807 258
807 279
808 23
808 271
809 591
809 656
809 806
810 94
810 330
811 431
811 499
812 791
813 801
814 347
815 63
815 245
815 326
815 889
816 336
816 574
816 670
816 764
817 745
818 174
818 294
819 62
820 845
820 900
821 445
822 438
823 221
823 229
823 505
824 57
824 129
824 188
824 364
824 845
825 434
825 636
826 248
827 11
827 224
828 764
829 177
829 632
832 269
832 939
833 545
834 60
834 65
834 509
835 105
835 200
835 546
836 12
836 237
836 416
836 557
838 722
839 151
839 635
840 474
841 10
843 234
844 486
844 851
845 411
845 689
845 961
846 925
848 422
849 731
849 974
849 989
851 759
851 966
852 80
852 153
852 220
854 161
854 477
856 304
856 398
856 610
856 773
858 249
859 58
859 707
861 172
861 970
862 416
862 459
863 252
863 439
864 857
865 285
865 623
865 718
867 745
868 195
868 444
869 512
870 216
870 245
870 522
871 619
871 758
872 240
873 196
875 55
875 260
875 857
876 52
876 805
877 449
877 574
879 841
880 557
881 26
882 204
882 383
883 20
883 560
884 484
884 493
885 698
886 33
886 160
887 174
889 464
891 858
892 130
894 506
894 575
896 283
897 302
897 821
898 25
898 342
898 805
899 300
900 665
901 49
901 78
901 535
902 502
903 178
903 279
903 678
905 138
905 239
905 391
905 664
905 847
906 455
906 489
906 675
907 321
907 629
907 785
908 444
908 507
909 58
909 619
910 459
911 215
911 598
912 315
912 703
912 753
912 952
913 133
913 151
913 565
913 870
914 286
916 462
917 605
917 905
917 969
918 31
918 346
919 818
920 223
922 199
922 283
923 1
924 981
925 229
925 329
925 966
926 115
926 342
927 596
927 727
927 850
927 968
927 975
928 952
929 72
929 167
929 806
931 267
931 963
932 58
932 536
932 931
933 635
933 764
933 771
934 440
935 85
935 504
936 379
936 565
936 733
937 626
938 229
940 107
940 187
940 337
940 789
940 929
941 125
942 393
942 977
943 151
945 654
946 379
947 195
947 328
947 435
947 658
948 346
948 928
950 406
950 674
952 49
952 342
952 402
952 722
955 227
956 809
957 215
957 270
957 373
958 460
958 709
958 729
959 321
959 748
960 144
960 248
960 488
960 510
961 739
962 42
964 163
964 279
966 740
967 760
967 766
968 545
969 716
969 920
970 340
970 435
970 769
974 825
977 381
977 838
977 902
979 367
979 925
980 714
980 828
981 216
981 293
981 763
984 455
986 643
986 961
987 34
987 392
987 601
988 146
988 219
988 450
988 545
988 707
989 176
989 357
989 944
989 977
990 179
991 81
991 450
993 973
994 377
996 437
996 944
996 947
997 249
997 253
997 451
997 685
998 100
998 447
998 494
998 742
